id	futime	fustat	ECM2	Age	Gender	WHO Grade	Histology	PRS type	Radio status	Chemo status	IDH mutation
TCGA-E1-A7Z6	2.6958904109589	1	6.220071	0	0	0	2	0	2	2	2
TCGA-TM-A84O	2.76986301369863	1	3.079328	1	0	1	4	0	1	2	3
TCGA-E1-A7YU	0.063013698630137	1	1.443139	1	1	1	3	0	3	3	3
TCGA-HT-7473	1.37808219178082	0	27.2753	0	1	0	3	0	1	2	3
TCGA-CS-4941	0.641095890410959	1	9.357366	1	1	1	1	0	2	2	3
TCGA-E1-5319	7.96438356164384	1	1.514042	1	0	0	5	0	1	1	3
TCGA-VM-A8CH	1.95616438356164	0	1.876221	0	0	0	2	0	1	1	2
TCGA-E1-5302	4.17808219178082	1	8.078142	0	1	1	1	0	2	2	3
TCGA-QH-A6X8	1.39452054794521	0	0.6333369	1	0	1	4	0	2	2	2
TCGA-DU-A7T6	1.4986301369863	1	0.90899	1	0	1	4	0	3	3	3
TCGA-DU-8163	1.72328767123288	0	4.001741	0	1	1	3	0	2	2	3
TCGA-S9-A7QY	2.36438356164384	0	0.8084568	0	0	0	3	0	2	1	1
TCGA-IK-8125	3.56438356164384	0	0.934545	1	1	1	3	0	2	2	3
TCGA-P5-A72X	1.1041095890411	0	8.609309	0	1	1	1	0	3	2	3
TCGA-HT-8015	0.00821917808219178	0	3.497621	0	1	0	2	0	3	3	3
TCGA-E1-A7YM	1.77534246575342	1	5.767045	1	1	1	1	0	2	2	2
TCGA-DU-8161	1.97808219178082	1	16.396	1	0	1	3	0	2	2	3
TCGA-DU-5874	1.26301369863014	0	0.8421869	1	0	0	5	0	2	1	3
TCGA-FG-5963	2.12328767123288	1	3.33507	0	1	1	1	1	1	2	3
TCGA-CS-4938	9.79178082191781	0	14.45659	0	0	0	2	0	1	1	3
TCGA-HT-7471	0.010958904109589	0	2.422308	0	0	1	4	0	3	3	3
TCGA-S9-A6TW	3.42465753424658	0	2.531281	0	1	1	4	0	2	1	2
TCGA-WY-A858	3.66301369863014	0	2.192583	0	0	1	1	0	3	3	3
TCGA-S9-A7IY	1.95890410958904	0	1.397272	0	1	1	3	0	2	2	2
TCGA-CS-4943	3.03013698630137	1	2.229962	0	1	1	1	0	2	1	3
TCGA-HT-7606	1.44109589041096	0	4.2099	0	0	0	2	0	2	2	3
TCGA-TM-A84F	4.92054794520548	0	5.615464	1	1	1	1	0	1	2	3
TCGA-HW-7487	3.78630136986301	0	0.5273793	0	1	0	5	0	2	1	3
TCGA-HT-7677	1.35342465753425	0	1.07847	1	1	1	4	0	2	2	3
TCGA-QH-A6CS	1.61095890410959	0	12.28254	0	1	1	1	0	2	2	1
TCGA-DB-A4XB	2.51780821917808	0	3.449205	0	1	1	1	0	2	2	2
TCGA-DU-6400	0.101369863013699	1	0.4998306	1	0	0	5	0	1	1	3
TCGA-E1-A7YN	1.99178082191781	1	7.810292	1	0	1	1	0	2	2	1
TCGA-CS-6667	4.02465753424658	0	3.523791	0	0	0	2	0	1	2	3
TCGA-DU-A6S7	1.74794520547945	0	1.917015	0	0	1	1	0	2	2	2
TCGA-DU-5847	1.5013698630137	0	17.01936	0	0	1	1	0	2	2	3
TCGA-HT-7603	1.93150684931507	0	0.9315801	0	1	0	5	0	1	2	3
TCGA-S9-A6WP	1.55342465753425	0	0.9463492	1	1	1	3	0	2	1	2
TCGA-R8-A73M	4.94794520547945	0	0.3294869	1	0	0	5	0	3	3	3
TCGA-RY-A83Z	0.824657534246575	0	0.4909425	1	0	1	1	0	3	3	2
TCGA-VW-A7QS	1.93424657534247	0	1.038949	0	0	1	4	0	3	3	3
TCGA-S9-A7R8	2.63287671232877	1	1.651801	1	0	1	1	0	3	3	3
TCGA-DU-7298	1.57808219178082	1	2.381675	0	0	1	1	0	2	2	3
TCGA-HW-A5KL	2.40547945205479	0	1.414781	1	0	0	2	0	2	2	3
TCGA-DH-A7UR	4.52054794520548	0	1.570547	1	0	1	4	0	2	2	3
TCGA-TM-A84R	1.55068493150685	0	1.248974	1	1	0	5	0	1	1	1
TCGA-E1-5304	3.42739726027397	1	0.963039	1	1	1	1	0	2	2	3
TCGA-S9-A6U2	2.48767123287671	0	5.373751	1	0	0	5	0	1	2	2
TCGA-FG-A4MW	1.53150684931507	1	5.071835	1	1	1	3	0	2	2	1
TCGA-S9-A6WE	11.2684931506849	0	0.8715748	0	1	0	5	0	2	1	3
TCGA-QH-A65S	0.210958904109589	0	1.628141	0	0	0	3	0	1	1	2
TCGA-DU-5872	1.45753424657534	0	8.09247	1	0	0	3	1	2	2	3
TCGA-DU-8166	1.41369863013699	0	1.572821	0	0	0	3	0	2	2	3
TCGA-HT-7873	1.96712328767123	0	8.995118	0	1	0	3	0	1	2	3
TCGA-HT-7684	0.504109589041096	0	1.263037	1	1	1	3	0	1	1	3
TCGA-DH-5140	1.66301369863014	1	1.70749	0	0	1	3	0	2	2	3
TCGA-E1-A7Z3	6.12328767123288	1	2.662012	0	0	0	2	0	2	2	3
TCGA-RY-A843	0.172602739726027	0	1.550265	0	1	1	1	0	3	3	1
TCGA-HT-7476	0.545205479452055	0	2.659781	0	1	0	2	0	2	2	3
TCGA-P5-A5EW	0.558904109589041	0	2.162425	0	0	0	2	0	3	3	3
TCGA-DH-A66B	3.5041095890411	0	10.37977	1	1	1	1	0	2	2	3
TCGA-DU-A5TY	2.83013698630137	1	5.36904	1	0	1	1	0	2	2	1
TCGA-S9-A7J2	0.16986301369863	0	0.5993459	0	1	1	4	0	2	1	2
TCGA-HT-7601	0.419178082191781	0	5.736223	0	0	1	1	0	2	2	3
TCGA-HT-A614	0.224657534246575	0	1.129762	1	1	0	3	0	3	3	3
TCGA-S9-A7IX	2.24383561643836	1	9.049006	1	1	1	1	0	1	2	3
TCGA-TM-A7C3	4.56438356164384	1	10.39005	1	0	1	1	0	1	1	1
TCGA-HT-7480	6.26575342465753	0	1.058141	0	1	0	5	0	2	2	3
TCGA-DU-7306	3.4986301369863	0	5.579549	1	1	0	3	0	2	2	3
TCGA-HT-7695	1.21095890410959	0	0.8669118	0	0	0	5	0	2	2	3
TCGA-HT-7856	3.25753424657534	0	0.5731091	0	1	1	4	0	2	2	3
TCGA-QH-A6X5	1.36164383561644	0	0.4997981	1	0	0	3	0	1	1	2
TCGA-P5-A77X	0.287671232876712	0	0.8191598	1	0	0	3	0	1	2	3
TCGA-CS-5396	4.46849315068493	0	2.087664	1	0	1	4	0	2	2	3
TCGA-DU-6393	4.34246575342466	1	1.147343	1	1	1	4	0	2	2	3
TCGA-HT-A74H	0.202739726027397	0	26.88591	1	1	1	1	0	3	3	3
TCGA-S9-A7QX	1.54520547945205	0	1.222294	0	0	1	1	0	2	2	2
TCGA-FG-A60J	1.23013698630137	0	3.647809	1	0	0	3	0	1	1	2
TCGA-DU-A7TB	4.29315068493151	0	1.140996	1	1	0	5	0	2	1	3
TCGA-FG-7634	1.27945205479452	0	4.046796	0	1	0	5	0	1	1	3
TCGA-TM-A84S	1.24383561643836	0	2.468568	0	1	1	4	0	1	1	2
TCGA-DH-A7US	1.93424657534247	0	0.4518765	1	1	0	5	0	1	1	2
TCGA-DB-A64X	1.54246575342466	0	0.8696915	1	0	1	1	0	2	2	2
TCGA-IK-7675	1.58356164383562	1	3.085657	1	1	0	5	0	1	2	3
TCGA-WY-A85E	1.73424657534247	0	1.005524	1	0	0	3	0	1	1	3
TCGA-TQ-A7RW	2.24931506849315	1	5.020781	0	1	0	3	0	2	2	3
TCGA-DU-7009	12.8630136986301	1	0.7545448	0	0	0	5	0	1	2	3
TCGA-HT-A74K	1.27945205479452	0	0.6711889	1	0	1	4	0	3	3	3
TCGA-DU-A6S8	1.85753424657534	0	1.222558	1	0	1	4	0	2	1	2
TCGA-TM-A84Q	2.11506849315069	0	3.299133	0	1	0	2	0	1	2	3
TCGA-E1-A7YV	2.7041095890411	1	1.307647	0	0	1	3	0	2	2	2
TCGA-QH-A65R	1.26301369863014	0	1.02848	0	0	1	4	0	2	2	2
TCGA-CS-6668	4.16164383561644	0	0.6810153	1	0	0	5	0	2	1	3
TCGA-HT-A5R7	1.68493150684932	0	2.49579	0	0	1	1	0	2	2	3
TCGA-HT-8018	3.15616438356164	1	3.956395	0	0	0	3	0	2	2	3
TCGA-S9-A6WM	1.65479452054795	0	22.88963	1	0	1	1	0	2	2	1
TCGA-DU-5854	0.704109589041096	0	11.00635	1	0	1	1	0	2	2	3
TCGA-HT-A61C	1.47123287671233	1	2.177265	1	1	1	4	0	2	2	3
TCGA-DU-7012	0.545205479452055	1	40.52858	1	0	1	1	0	1	2	3
TCGA-S9-A7R7	8.21917808219178	0	24.82277	0	1	0	2	0	1	2	2
TCGA-P5-A5F0	0.786301369863014	0	0.4300043	0	1	0	5	0	2	2	3
TCGA-DU-7301	2.15890410958904	1	10.75536	1	1	0	5	0	2	2	3
TCGA-FG-8191	2.71780821917808	0	8.312993	0	1	1	4	0	2	2	3
TCGA-TQ-A7RJ	3.36712328767123	0	2.600026	0	0	0	3	0	2	2	3
TCGA-HW-8321	3.54520547945205	0	3.949398	0	1	1	2	0	2	2	3
TCGA-DB-5274	6.27123287671233	0	0.6347973	0	0	1	3	0	2	2	3
TCGA-DU-A5TT	2.03561643835616	0	58.07496	1	1	1	4	0	2	2	1
TCGA-DB-A4XH	2.63561643835616	0	0.8535467	1	0	0	3	0	1	1	3
TCGA-TM-A84L	3.4027397260274	1	9.505486	0	1	0	3	0	1	1	3
TCGA-FG-8189	1.87671232876712	0	0.4072439	0	0	0	5	0	2	2	3
TCGA-HT-8564	1.30958904109589	0	2.378474	1	1	1	1	0	2	1	3
TCGA-HT-A5R5	0.010958904109589	0	3.125275	0	0	0	5	0	3	3	3
TCGA-TM-A84G	3.38630136986301	0	0.9722363	1	0	1	4	0	1	2	3
TCGA-S9-A6WN	2.20547945205479	0	12.4674	0	0	1	1	0	2	2	1
TCGA-CS-6670	3.90684931506849	0	1.762119	1	1	1	4	0	2	3	3
TCGA-VM-A8CB	0.00821917808219178	0	0.4093832	0	1	1	4	0	3	3	3
TCGA-DU-6396	6.26301369863014	1	8.031219	0	0	1	3	0	2	2	3
TCGA-TM-A84I	2.33972602739726	0	1.118476	0	1	1	1	0	1	2	3
TCGA-HT-7880	0.443835616438356	0	1.102791	0	1	0	3	0	1	1	3
TCGA-DU-5852	0.561643835616438	1	4.696824	1	0	1	3	0	1	1	3
TCGA-CS-5393	3.34794520547945	0	2.242883	0	1	1	1	0	2	2	3
TCGA-E1-A7YE	2.42739726027397	1	1.910214	0	0	1	1	0	2	2	3
TCGA-DU-7014	9.78356164383562	1	3.069863	1	1	0	5	0	1	2	3
TCGA-CS-6186	1.47397260273973	1	5.136205	1	1	1	3	0	2	2	3
TCGA-P5-A780	0.197260273972603	0	2.688046	1	0	1	1	0	3	2	3
TCGA-QH-A86X	0.923287671232877	0	1.019498	0	1	0	5	0	1	1	2
TCGA-VW-A8FI	0.671232876712329	1	2.953686	1	1	1	1	0	3	3	3
TCGA-FG-A87Q	0.476712328767123	0	10.39025	1	0	1	1	0	2	2	1
TCGA-HT-7607	0.263013698630137	1	1.97745	1	0	0	2	0	1	1	3
TCGA-HW-7486	4.71506849315069	0	1.133981	0	1	0	5	0	2	1	3
TCGA-HT-7676	0.0136986301369863	0	1.198757	0	1	0	5	0	3	3	3
TCGA-DB-A64V	2.43561643835616	0	1.435231	1	1	0	5	0	2	1	3
TCGA-DU-A6S3	1.7972602739726	0	0.2919229	1	1	0	5	0	2	1	3
TCGA-TQ-A7RG	1.64109589041096	0	1.031288	0	1	0	3	0	2	1	3
TCGA-S9-A6UA	0.487671232876712	1	3.845844	1	1	1	1	0	1	1	3
TCGA-HT-A5RB	0.00821917808219178	0	1.457096	0	1	0	2	0	3	3	3
TCGA-FG-5965	3.06849315068493	1	0.4430484	0	0	0	3	1	1	2	3
TCGA-P5-A72U	0.0191780821917808	0	9.156993	1	0	1	4	0	1	1	3
TCGA-HT-8013	5.2958904109589	1	5.761693	0	0	0	3	0	2	2	3
TCGA-TM-A84J	2.01369863013699	0	1.142829	1	1	1	4	0	2	2	3
TCGA-VV-A829	3.08767123287671	0	1.331061	1	1	1	3	0	2	2	3
TCGA-DU-A76L	2.23013698630137	1	3.160927	1	1	1	4	0	3	3	3
TCGA-HT-8011	1.35342465753425	0	3.591132	1	1	1	1	0	2	2	3
TCGA-HT-7877	0.010958904109589	0	1.270951	0	0	0	5	0	1	1	3
TCGA-DU-8165	1.59452054794521	0	42.82893	1	0	1	5	0	2	2	3
TCGA-VM-A8CE	3.26301369863014	0	1.135539	0	1	0	5	0	2	1	3
TCGA-DU-A5TP	2.77260273972603	0	1.88126	0	1	1	1	0	2	2	3
TCGA-HT-8107	0.0383561643835616	0	0.5532494	1	1	0	5	0	1	1	3
TCGA-RY-A83X	2.57260273972603	0	1.331285	1	0	0	5	0	1	1	2
TCGA-HT-7882	0.30958904109589	1	12.01887	1	1	1	4	0	1	1	3
TCGA-W9-A837	4.25479452054795	0	0.5951587	1	1	0	5	0	1	1	3
TCGA-DB-5279	3.70958904109589	0	3.167177	1	1	0	5	0	1	1	3
TCGA-CS-6188	2.23013698630137	1	10.54081	1	1	1	1	0	2	2	3
TCGA-HT-7902	2.61917808219178	0	1.921632	0	0	0	3	0	1	1	3
TCGA-P5-A5F4	0.632876712328767	0	0.9000278	0	0	1	4	0	2	2	3
TCGA-TQ-A7RI	0.16986301369863	0	1.046285	0	0	0	5	0	1	1	3
TCGA-HT-7475	1.45205479452055	0	0.9308413	1	1	1	3	0	2	2	3
TCGA-HW-7490	3.8	0	2.159209	0	1	0	2	0	1	1	2
TCGA-RY-A847	2.55616438356164	0	0.6477389	1	1	0	5	0	1	1	2
TCGA-EZ-7264	3.29041095890411	0	0.5944797	1	0	0	5	0	1	1	3
TCGA-DB-5270	10.227397260274	0	2.959084	0	0	1	3	0	1	1	3
TCGA-HT-7482	8.91232876712329	0	10.20394	0	0	0	3	0	1	2	3
TCGA-HT-7477	2.02191780821918	0	6.063767	1	1	1	1	0	2	2	3
TCGA-S9-A6WH	3.21369863013699	0	0.9183475	1	0	0	3	0	1	2	2
TCGA-RY-A845	1.63287671232877	0	1.412697	0	0	0	3	0	1	1	1
TCGA-HT-7875	0.0273972602739726	0	1.076113	1	1	0	5	0	1	2	3
TCGA-P5-A72Z	0.96986301369863	0	0.3476726	1	0	1	4	0	2	2	3
TCGA-HT-7858	4.21917808219178	0	5.503066	0	1	0	2	0	1	2	3
TCGA-DU-8167	1.29041095890411	0	3.139422	1	0	0	3	0	1	2	3
TCGA-HT-8105	0.520547945205479	0	1.605072	1	1	1	4	0	1	2	3
TCGA-R8-A6ML	7.83561643835616	0	0.6972574	1	1	1	4	0	3	3	3
TCGA-HT-A4DS	0.0191780821917808	0	1.442819	1	0	1	1	0	3	3	3
TCGA-FG-A60L	1.79452054794521	0	2.944976	0	0	0	2	0	1	1	3
TCGA-F6-A8O3	0.0191780821917808	0	0.5640567	0	1	0	5	0	3	3	3
TCGA-WY-A85B	3.81643835616438	0	3.196369	0	1	0	2	0	1	1	3
TCGA-HT-7884	0.93972602739726	0	1.192256	1	0	0	2	0	2	2	3
TCGA-HT-A61A	0.531506849315069	0	1.285067	0	0	0	5	0	3	3	3
TCGA-FG-6689	1.24383561643836	0	2.304879	0	1	0	2	0	1	2	3
TCGA-HT-7605	0.380821917808219	0	0.6985674	0	1	0	5	0	1	1	3
TCGA-DB-A64P	2.50958904109589	0	3.108884	0	1	1	4	0	2	1	2
TCGA-P5-A730	0.912328767123288	0	1.97945	0	1	1	3	0	1	1	3
TCGA-DU-A6S6	7.92602739726027	0	0.5693241	0	0	0	3	0	2	1	3
TCGA-FG-6691	3.44383561643836	0	5.622207	0	0	0	2	0	1	1	3
TCGA-DU-7010	1.24931506849315	1	7.528156	1	0	1	1	0	2	2	3
TCGA-FG-8182	1.13972602739726	0	1.570664	0	1	0	5	0	1	1	3
TCGA-P5-A5F2	0.663013698630137	0	13.20756	0	0	0	2	0	2	1	3
TCGA-CS-6666	3.91232876712329	0	6.471458	0	1	1	1	0	2	2	3
TCGA-TQ-A7RQ	2.17808219178082	0	0.9627126	0	0	0	5	0	2	1	3
TCGA-DB-A75L	0.936986301369863	0	1.412654	0	0	1	1	0	2	2	2
TCGA-FG-A6IZ	1.25205479452055	0	0.3629579	1	1	0	5	0	1	2	2
TCGA-TQ-A7RR	2.15616438356164	0	1.810546	0	1	0	3	0	2	2	3
TCGA-R8-A6MO	2.72054794520548	0	1.534331	1	0	0	5	0	3	3	3
TCGA-E1-5322	10.8986301369863	1	1.585682	0	0	0	3	0	3	3	3
TCGA-HT-7616	0.0191780821917808	1	2.945718	1	1	1	4	0	1	1	3
TCGA-HT-7691	0.00821917808219178	0	6.458656	0	0	0	2	0	1	1	3
TCGA-DU-6410	0.663013698630137	0	0.5390911	1	1	1	4	0	2	1	3
TCGA-E1-A7YY	12.1780821917808	1	0.4182611	0	0	0	5	0	2	2	3
TCGA-HW-A5KJ	2.63561643835616	1	0.9434377	1	1	1	4	0	2	2	3
TCGA-HT-A619	1.78356164383562	0	1.46667	1	0	1	4	0	2	1	3
TCGA-DU-A76R	1.77534246575342	1	14.84405	1	1	1	4	0	3	3	3
TCGA-HT-7689	1.24657534246575	0	9.603293	1	0	0	5	0	2	2	3
TCGA-S9-A6U0	2.03287671232877	1	8.113975	1	1	1	1	0	2	2	1
TCGA-RY-A83Y	0.454794520547945	0	0.5901706	1	1	0	5	0	3	3	2
TCGA-WH-A86K	1.10958904109589	0	1.222151	1	1	0	2	0	1	1	2
TCGA-DB-A64U	2.31780821917808	0	0.9824506	0	0	0	3	0	1	1	3
TCGA-HT-7478	0.531506849315069	0	5.916024	0	1	0	2	0	1	2	3
TCGA-DU-5870	15.1945205479452	0	0.7784349	0	0	0	5	1	1	2	3
TCGA-DB-A75O	2.56164383561644	0	1.911723	0	1	1	1	0	3	3	3
TCGA-DH-5142	5.32328767123288	0	8.648312	0	1	1	1	0	2	2	3
TCGA-VM-A8C8	3.82739726027397	0	6.799847	1	0	0	5	0	2	2	2
TCGA-CS-5397	0.531506849315069	1	21.94617	1	0	1	1	0	2	2	3
TCGA-QH-A6X3	0.857534246575342	0	2.963271	0	1	0	3	0	1	1	2
TCGA-DU-6404	11.1452054794521	1	4.928805	0	0	1	4	1	2	2	3
TCGA-DU-8168	1.18082191780822	0	0.7224245	1	0	1	4	0	2	2	3
TCGA-HT-7693	1.46027397260274	0	5.347807	1	0	0	5	0	2	2	3
TCGA-HT-7469	0.961643835616438	1	1.130642	0	1	1	4	0	2	2	3
TCGA-S9-A7J0	1.66849315068493	0	1.741267	0	0	1	4	0	2	2	1
TCGA-HT-8558	1.14520547945205	0	0.4719021	0	0	0	5	0	3	3	3
TCGA-HT-7857	0.0191780821917808	0	3.510674	0	0	1	1	0	1	1	3
TCGA-HT-7860	0.0410958904109589	0	5.445679	1	0	1	1	0	3	3	3
TCGA-TM-A7C5	4.10958904109589	0	1.040787	0	1	0	3	0	1	1	3
TCGA-CS-5395	1.75068493150685	1	17.73207	1	1	0	3	0	2	2	3
TCGA-HT-8108	0.208219178082192	0	1.618978	0	0	0	5	0	1	1	3
TCGA-S9-A7R1	14.1534246575342	1	0.5254482	0	1	0	5	0	1	2	3
TCGA-FG-A710	3.05479452054795	0	1.277411	1	0	0	5	0	2	1	3
TCGA-HT-7855	1.6027397260274	0	4.280057	0	1	1	1	0	2	2	3
TCGA-DU-A7T8	11.586301369863	1	2.875682	0	1	1	3	0	2	2	3
TCGA-HT-7611	4.8	0	12.29229	0	1	0	3	0	3	3	3
TCGA-DU-A76O	1.43013698630137	0	1.21589	0	1	0	2	0	2	2	1
TCGA-TQ-A7RO	2.6	0	1.500706	0	1	0	3	0	1	1	3
TCGA-E1-A7YH	7.76712328767123	1	2.541992	1	0	1	1	0	2	2	3
TCGA-HT-8113	2.46575342465753	0	0.6561481	1	0	0	5	0	2	2	3
TCGA-QH-A6CW	1.13424657534247	0	2.615395	1	1	1	3	0	1	1	2
TCGA-S9-A6TS	5.18082191780822	1	1.236005	1	0	1	1	0	1	2	3
TCGA-QH-A870	1.08219178082192	0	16.90634	0	0	1	3	0	1	1	2
TCGA-DU-6397	3.83835616438356	1	1.080808	1	1	1	4	1	1	2	3
TCGA-HT-8111	0.0191780821917808	0	5.01181	0	1	1	3	0	1	1	3
TCGA-VV-A86M	1.33424657534247	0	3.473362	0	0	1	1	0	2	2	3
TCGA-TM-A84C	1.34794520547945	1	1.962371	0	1	0	2	0	2	1	1
TCGA-HT-7608	1.83835616438356	0	3.276745	1	1	0	3	0	1	1	3
TCGA-TQ-A7RF	1.78082191780822	0	11.87775	0	0	1	4	0	2	2	3
TCGA-E1-A7YK	1.03561643835616	1	3.334399	1	1	1	1	0	2	2	3
TCGA-S9-A7QZ	2.26301369863014	0	0.7149848	0	1	0	5	0	1	1	2
TCGA-S9-A6U9	7.99452054794521	0	7.005404	0	1	1	1	0	1	2	3
TCGA-S9-A7R3	8.25479452054794	0	3.860905	0	0	0	2	0	1	1	3
TCGA-DU-A5TU	2.18082191780822	0	2.440424	1	0	0	2	0	1	2	3
TCGA-DH-5144	2.04931506849315	0	0.5010172	1	0	1	4	0	1	2	3
TCGA-DB-5281	6.52328767123288	0	2.072747	1	1	1	3	0	2	2	3
TCGA-HT-7680	0.063013698630137	0	38.77546	0	0	0	2	0	1	1	3
TCGA-DB-A4XE	3.12054794520548	0	2.165083	0	0	1	3	0	1	2	3
TCGA-S9-A7IZ	1.66575342465753	0	2.883728	1	0	1	1	0	1	2	2
TCGA-DU-6402	0.586301369863014	1	6.380023	1	1	1	1	0	2	2	3
TCGA-S9-A6WQ	1.17260273972603	0	2.462077	1	0	0	3	0	1	1	2
TCGA-P5-A5EX	0.665753424657534	0	10.26682	0	0	1	4	0	2	2	3
TCGA-TQ-A7RK	3.67397260273973	0	4.204725	0	1	0	5	1	1	1	3
TCGA-DU-6392	17.5972602739726	0	1.491964	0	0	1	1	0	2	2	3
TCGA-HT-8563	2.35616438356164	0	10.48243	0	0	1	1	0	1	2	3
TCGA-DU-7011	8.76712328767123	1	3.44835	0	1	0	3	0	3	2	3
TCGA-FG-6690	3.54520547945205	0	1.688907	1	1	0	5	0	1	2	3
TCGA-DU-A76K	0.950684931506849	1	9.810161	1	1	0	5	0	3	3	3
TCGA-FG-A4MT	3.18904109589041	0	1.584906	0	0	0	5	1	1	1	3
TCGA-TM-A84M	2.06575342465753	0	1.706252	0	1	1	4	0	2	2	3
TCGA-P5-A731	0.750684931506849	0	6.927348	1	0	0	3	0	1	2	3
TCGA-FG-A4MX	1.55890410958904	0	1.00168	1	1	0	2	0	1	2	1
TCGA-DB-5273	6.83013698630137	0	4.314244	0	1	1	1	0	2	2	3
TCGA-DU-7013	0.736986301369863	1	5.294293	1	1	1	1	0	2	2	3
TCGA-CS-5394	0.0219178082191781	0	0.8433395	0	1	1	1	0	1	1	3
TCGA-HT-8019	2.75068493150685	0	0.5642416	0	0	1	4	0	2	2	3
TCGA-DH-A66D	2.31780821917808	0	3.449855	1	0	1	1	0	2	2	2
TCGA-P5-A733	1.13424657534247	0	1.867986	1	0	0	2	0	2	2	3
TCGA-HT-A5RA	2.27945205479452	0	15.35757	1	0	1	1	0	2	2	3
TCGA-HT-7854	3.29041095890411	0	5.842169	1	1	0	2	0	1	2	3
TCGA-DU-6407	7.87671232876712	1	1.147035	0	0	0	5	1	1	2	3
TCGA-DU-7304	1.94246575342466	1	0.1872606	1	1	1	3	1	2	2	3
TCGA-S9-A6UB	10.3041095890411	0	0.438483	1	1	0	5	0	1	1	3
TCGA-FG-7636	1.49041095890411	0	0.9395316	1	1	1	1	0	2	2	3
TCGA-E1-A7YO	6.25205479452055	1	1.202661	1	1	1	4	0	2	1	3
TCGA-S9-A89Z	1.70684931506849	0	4.165851	0	1	1	1	0	2	2	2
TCGA-DU-7008	13.0191780821918	0	1.769969	0	0	0	5	0	2	1	3
TCGA-TQ-A7RH	1.33150684931507	0	6.039229	0	1	0	3	0	2	2	3
TCGA-DH-A7UU	1.14246575342466	0	1.662886	1	1	1	1	0	2	2	2
TCGA-DU-5849	1.21369863013699	0	0.9461528	1	1	0	5	0	2	1	3
TCGA-CS-6669	4.09315068493151	0	0.1636283	0	0	0	5	0	2	1	3
TCGA-QH-A6CV	1.21095890410959	0	6.795144	1	1	1	3	0	1	2	2
TCGA-S9-A6WI	7.08219178082192	0	0.3675806	1	0	0	3	0	1	2	3
TCGA-FG-8188	1.24657534246575	0	2.963072	0	1	0	3	0	1	1	3
TCGA-HW-7489	3.45753424657534	1	1.018592	0	1	0	3	0	1	1	2
TCGA-DU-6394	1.86849315068493	1	1.388875	1	1	1	4	0	2	2	3
TCGA-HT-8010	0.136986301369863	0	1.508556	1	0	0	5	0	1	1	3
TCGA-S9-A6TX	3.41095890410959	0	1.049226	1	1	1	4	0	2	1	2
TCGA-HW-7491	5.69315068493151	0	1.076494	0	1	0	5	0	2	1	3
TCGA-R8-A6MK	7.4027397260274	0	0.9812298	0	1	0	5	0	3	3	3
TCGA-FG-A60K	1.48493150684931	0	0.9794052	0	0	0	3	0	1	1	3
TCGA-HT-A61B	1.46027397260274	0	6.653132	0	1	1	1	0	2	2	3
TCGA-P5-A72W	0.868493150684931	0	2.852271	0	1	1	1	0	3	2	3
TCGA-P5-A736	0.63013698630137	0	11.35344	1	0	1	1	0	1	2	3
TCGA-TM-A7C4	4.02739726027397	0	1.108937	0	0	0	2	0	1	1	3
TCGA-DU-6405	1.65753424657534	1	9.992125	1	0	1	1	0	2	2	3
TCGA-WY-A85A	3.61643835616438	0	1.078952	0	1	0	2	0	3	3	3
TCGA-DB-A4XD	3.31506849315068	0	2.484962	0	1	1	1	0	2	2	3
TCGA-QH-A65V	1.05205479452055	0	0.9143152	1	0	0	5	0	2	1	2
TCGA-HW-7493	5.77260273972603	0	16.13223	0	0	0	2	0	1	1	3
TCGA-HT-A74J	0.876712328767123	0	1.698306	0	1	0	3	0	3	3	2
TCGA-DU-7302	5.02465753424658	0	1.092437	1	0	1	4	0	2	1	3
TCGA-DU-5853	1.11506849315068	0	1.327748	0	1	0	3	0	2	2	3
TCGA-HW-8322	2.07671232876712	0	1.147023	0	1	0	5	0	2	1	3
TCGA-S9-A6WG	7.12876712328767	0	10.84296	0	1	1	1	0	2	2	3
TCGA-DB-A75K	1.00821917808219	0	0.3265027	1	0	1	3	0	2	2	2
TCGA-DU-A7TC	3.11506849315069	0	1.023279	0	1	0	2	0	1	1	3
TCGA-QH-A6XA	1.37534246575342	0	1.732924	0	0	0	3	0	1	1	2
TCGA-S9-A6WL	2.59178082191781	0	2.580854	1	1	1	1	0	1	1	2
TCGA-QH-A6X9	0.158904109589041	0	1.207678	1	0	0	5	0	1	1	2
TCGA-DU-8162	1.21643835616438	1	1.272761	1	0	1	3	0	2	2	3
TCGA-DU-A7TJ	0.0465753424657534	0	7.602181	1	1	1	1	0	3	3	2
TCGA-HT-8110	1.14794520547945	0	9.0476	1	1	1	1	0	3	2	3
TCGA-QH-A65Z	1.16986301369863	0	0.6290644	1	1	0	5	0	2	2	2
TCGA-HT-7620	1.18904109589041	0	1.104188	0	1	1	4	0	2	2	3
TCGA-E1-5303	5.62191780821918	1	9.885376	0	1	1	1	0	3	2	3
TCGA-HT-7604	10.2054794520548	0	7.141933	1	1	0	2	0	2	2	3
TCGA-QH-A6CU	1.23561643835616	0	3.705779	1	0	1	4	0	2	2	2
TCGA-FG-A713	1.7041095890411	0	0.5538776	1	0	0	3	0	1	2	3
TCGA-HW-A5KM	1.72602739726027	0	4.691241	0	1	0	2	0	1	1	3
TCGA-HT-7472	0.00273972602739726	0	5.69323	0	1	0	5	0	1	1	3
TCGA-FG-A6J3	1.85479452054795	0	1.018312	1	0	1	1	0	2	2	2
TCGA-HT-7681	3.72328767123288	0	1.618355	0	0	0	3	0	1	1	3
TCGA-DB-5280	3.04657534246575	0	10.55177	1	1	0	3	0	1	1	3
TCGA-E1-A7YQ	4.32328767123288	1	7.899456	1	0	1	4	0	2	2	3
TCGA-E1-5318	6.51780821917808	1	1.9798	1	0	0	5	0	2	2	3
TCGA-DH-A7UV	1.55068493150685	0	2.997079	1	1	1	1	0	2	2	1
TCGA-WY-A859	3.32328767123288	0	0.5935	0	0	0	2	0	3	3	3
TCGA-FG-A70Z	0.898630136986301	0	3.613674	1	0	1	3	0	2	2	3
TCGA-CS-4942	3.65753424657534	1	4.967267	1	0	1	1	0	1	2	3
TCGA-HT-7610	4.67397260273973	0	1.451063	0	0	0	3	0	1	1	3
TCGA-FG-A6J1	1.36986301369863	0	0.4169988	1	0	0	5	0	1	2	2
TCGA-FG-8187	1.67397260273973	0	0.899073	0	1	0	3	0	1	1	3
TCGA-E1-A7Z4	12.0876712328767	1	1.757354	0	1	0	2	0	2	2	2
TCGA-FG-A4MY	1.97534246575342	0	8.743592	1	0	0	3	0	1	2	3
TCGA-S9-A6WO	1.55068493150685	0	5.061995	0	1	0	2	0	1	1	2
TCGA-FG-A711	4.05753424657534	1	2.244749	0	0	0	5	0	1	1	3
TCGA-DU-7290	0.863013698630137	1	141.5153	1	0	1	1	0	1	1	3
TCGA-E1-A7YS	1.27671232876712	1	0.3944071	1	1	1	4	0	2	2	3
TCGA-DU-A5TW	2.08219178082192	0	2.529974	0	0	1	1	0	1	1	2
TCGA-S9-A6U6	2.92876712328767	0	1.646212	0	1	1	1	0	1	2	2
TCGA-FG-5962	3.98082191780822	0	0.9811748	1	1	1	4	0	2	2	3
TCGA-HT-7874	3.0958904109589	0	0.9400999	0	0	1	4	0	2	2	3
TCGA-HT-8104	1.01917808219178	0	12.62862	1	0	1	1	0	3	3	3
TCGA-P5-A5EY	0.197260273972603	0	3.008186	0	1	0	2	0	3	3	3
TCGA-VM-A8CD	0.657534246575342	1	9.226315	1	1	1	1	0	1	2	1
TCGA-DU-7299	3.66849315068493	1	1.690627	0	1	1	1	0	2	2	3
TCGA-DU-8164	1.78356164383562	0	0.6492933	1	1	0	5	0	2	1	2
TCGA-DU-6408	9.50684931506849	1	4.46674	0	0	1	4	0	2	2	3
TCGA-DU-5871	1.57808219178082	0	3.400113	0	0	0	3	0	2	2	3
TCGA-DU-A7TD	0.624657534246575	1	4.809746	1	1	1	3	0	3	3	3
TCGA-QH-A6CZ	0.764383561643836	0	0.4327182	0	1	0	3	0	1	1	2
TCGA-S9-A7J1	0.682191780821918	0	0.6949106	1	1	0	5	0	1	1	2
TCGA-HT-A5R9	0.00547945205479452	0	1.623951	1	0	1	4	0	3	3	3
TCGA-DB-A4XC	3.89315068493151	0	2.111961	0	1	0	3	0	1	2	3
TCGA-HT-7602	2.48767123287671	0	2.466567	0	1	0	5	0	1	1	3
TCGA-HT-A616	0.150684931506849	0	0.8529033	0	0	0	2	0	3	3	3
TCGA-E1-A7YI	0.304109589041096	1	1.481275	0	0	1	1	0	3	3	3
TCGA-FG-8185	1.18630136986301	0	2.36239	0	1	1	1	0	2	2	3
TCGA-HT-7686	3.56164383561644	0	9.592329	0	0	1	1	0	2	2	3
TCGA-DU-7007	5.24657534246575	1	10.96585	0	1	0	2	0	3	3	3
TCGA-HT-7474	0.312328767123288	0	1.122829	1	1	0	3	0	1	1	3
TCGA-S9-A89V	1.55890410958904	0	2.419978	1	1	1	1	0	2	2	1
TCGA-CS-4944	5.00821917808219	0	22.62884	1	1	0	2	0	1	2	3
TCGA-E1-A7YL	1.34794520547945	1	15.26948	1	1	1	1	0	2	2	1
TCGA-DB-A64W	1.2	1	0.6434446	1	0	1	3	0	2	2	2
TCGA-S9-A7J3	1.72328767123288	0	0.8382373	1	0	1	4	0	2	2	2
TCGA-HT-7485	0.334246575342466	0	3.323721	1	1	0	2	0	1	1	3
TCGA-HT-7690	0.00821917808219178	0	9.34022	0	1	1	3	0	1	1	3
TCGA-S9-A7QW	1.25479452054795	0	0.3382657	1	0	1	1	0	1	2	2
TCGA-E1-A7Z2	1.09041095890411	1	19.51054	1	0	0	5	0	2	1	1
TCGA-P5-A77W	1.6	0	1.380713	0	0	1	3	0	1	1	3
TCGA-S9-A6U1	2.15068493150685	0	5.190563	0	0	1	1	0	2	1	1
TCGA-FG-5964	4.35068493150685	0	0.7608516	1	1	0	5	0	1	2	3
TCGA-S9-A6TY	2.94794520547945	0	0.6843214	1	1	0	5	0	2	1	1
TCGA-DB-A4XA	1.56986301369863	0	0.887997	0	1	0	3	0	1	2	2
TCGA-HT-A618	1.4027397260274	0	3.158699	0	0	1	1	0	1	1	3
TCGA-HT-7688	2.64109589041096	0	0.7811467	1	1	1	4	0	2	2	3
TCGA-TM-A84B	2.07671232876712	1	14.63823	0	1	1	1	0	2	1	1
TCGA-E1-5311	11.1890410958904	1	1.136565	0	1	1	4	0	2	2	3
TCGA-DB-A64S	2.28767123287671	0	3.263188	0	1	0	3	0	1	1	3
TCGA-DB-A4XF	2.7972602739726	0	5.983832	0	0	1	1	0	2	2	3
TCGA-FG-7637	3.33972602739726	0	1.823038	1	1	0	3	0	1	1	3
TCGA-TM-A84T	1.98356164383562	0	1.088563	0	1	0	3	0	1	1	2
TCGA-DH-A7UT	1.45479452054795	1	2.662297	0	1	1	1	0	2	2	2
TCGA-HT-8114	2.84931506849315	0	12.55196	0	1	1	3	0	2	2	3
TCGA-DU-6406	1.4027397260274	1	4.652964	1	0	1	3	0	2	2	3
TCGA-S9-A7IS	0.66027397260274	1	1.181865	0	0	1	1	0	1	2	3
TCGA-P5-A735	0.8	0	1.289423	0	0	0	2	0	1	1	3
TCGA-DU-7015	7.56438356164384	0	3.869171	0	0	0	5	0	1	1	3
TCGA-DH-5141	2.65205479452055	0	1.671834	0	1	1	4	0	2	2	3
TCGA-QH-A6CY	1.11780821917808	0	0.9670578	0	1	1	3	0	2	2	2
TCGA-FG-A4MU	0.893150684931507	0	6.117119	1	1	1	3	0	3	3	1
TCGA-DB-5275	3.99452054794521	0	1.849353	0	1	1	3	0	2	2	3
TCGA-VM-A8C9	3.6	0	5.718523	0	0	0	2	0	1	1	3
TCGA-HT-7692	0.246575342465753	0	2.712122	1	1	0	3	0	2	2	3
TCGA-S9-A7IQ	3.01095890410959	0	0.4742393	1	0	0	3	0	1	1	2
TCGA-E1-A7YJ	1.62191780821918	1	8.549764	1	1	1	1	0	2	2	3
TCGA-HT-7468	0.556164383561644	0	2.743121	0	1	1	4	0	2	1	3
TCGA-DU-7294	7.86027397260274	0	1.165677	1	0	0	5	0	1	1	3
TCGA-S9-A7R4	2.5041095890411	0	2.54374	1	1	1	1	0	2	2	2
TCGA-DH-5143	3.83835616438356	0	6.07793	0	1	1	3	0	2	2	3
TCGA-RY-A840	2.33972602739726	0	1.190064	1	1	1	4	0	2	1	2
TCGA-TQ-A7RP	2.5041095890411	0	5.179366	1	1	0	3	0	2	2	3
TCGA-S9-A6TZ	3.06849315068493	0	8.866089	0	0	0	2	0	1	1	2
TCGA-HT-7479	3.36164383561644	0	9.598601	1	1	1	1	0	2	2	3
TCGA-DB-A64Q	0.498630136986301	0	0.8813937	0	0	0	3	0	2	1	2
TCGA-WY-A85D	3.14246575342466	0	4.587374	1	1	0	3	0	3	3	3
TCGA-TM-A7CF	5.44931506849315	0	0.618988	0	0	0	2	1	1	1	3
TCGA-DH-A66F	1.43287671232877	0	0.9861611	1	1	0	5	0	1	1	2
TCGA-DB-A64L	2.01643835616438	0	0.517766	1	0	0	5	0	1	1	2
TCGA-E1-A7YW	3.06849315068493	1	3.398565	0	1	0	3	0	2	2	3
TCGA-DU-6542	0.2	1	6.278412	0	1	1	3	0	2	2	3
TCGA-TQ-A7RV	5.11780821917808	0	7.120489	0	1	0	2	1	1	1	3
TCGA-TM-A7CA	2.8986301369863	0	1.587871	1	1	0	2	0	1	1	3
TCGA-DB-A75P	1.34794520547945	0	3.450723	0	0	0	2	0	1	1	1
TCGA-DU-A7TG	3.7013698630137	1	0.8155787	0	1	0	5	0	3	3	3
TCGA-DU-5855	0.567123287671233	0	8.860552	1	0	1	3	0	2	2	3
TCGA-DB-5277	4.23835616438356	1	3.44673	0	1	1	1	0	2	2	3
TCGA-HT-8109	0.463013698630137	0	2.993511	1	1	1	4	0	2	2	3
TCGA-DU-A5TS	2.64109589041096	0	0.9118515	1	1	0	5	0	2	2	3
TCGA-HW-A5KK	1.06301369863014	1	6.800579	1	1	1	1	0	2	2	3
TCGA-HW-7495	2.95342465753425	0	0.9685967	1	0	0	5	0	1	1	3
TCGA-HT-7470	3.34246575342466	1	4.478024	0	1	1	4	0	2	2	3
TCGA-HT-7879	0.306849315068493	0	5.064455	0	1	1	3	0	2	2	3
TCGA-HT-A4DV	2.16986301369863	0	0.6976366	1	0	1	4	0	2	2	3
TCGA-HT-7694	0.575342465753425	0	0.8145341	1	1	1	4	0	2	2	3
TCGA-S9-A6U8	8.18630136986301	1	2.774733	0	1	0	2	0	1	1	3
TCGA-DU-6403	0.96986301369863	1	2.942152	1	0	1	3	0	2	2	3
TCGA-E1-A7YD	1.19178082191781	1	5.902452	1	1	1	1	0	3	3	3
TCGA-P5-A737	1.01917808219178	0	0.8837572	1	1	0	3	0	1	1	3
TCGA-FG-A70Y	2.37808219178082	0	2.798551	0	0	0	5	0	1	1	3
TCGA-S9-A7R2	0.865753424657534	1	19.87059	1	1	1	1	0	3	3	3
TCGA-DU-7292	0.663013698630137	1	3.284456	1	1	1	1	0	1	2	3
TCGA-QH-A6X4	1.21095890410959	0	0.2520881	1	1	1	3	0	2	2	2
TCGA-P5-A5EZ	0.191780821917808	0	3.230415	0	1	1	1	0	3	3	3
TCGA-S9-A6TU	7.26027397260274	0	6.348962	0	1	0	2	0	1	1	2
TCGA-HT-A74O	0.00821917808219178	0	15.76709	0	1	1	1	0	3	3	3
TCGA-DU-A7TI	3.24109589041096	1	2.827403	0	1	1	1	0	3	3	3
TCGA-HT-7609	3.83287671232877	0	5.254312	0	1	1	3	0	2	2	3
TCGA-HT-7881	2.95616438356164	0	0.7110631	0	1	0	5	0	1	2	3
TCGA-DU-7018	2.55616438356164	1	1.508091	1	0	1	4	0	2	1	3
TCGA-HT-8012	0.783561643835616	0	1.927524	0	0	0	5	0	1	1	3
TCGA-WY-A85C	3.90684931506849	0	10.13377	0	1	0	2	0	2	2	3
TCGA-P5-A5F6	0.106849315068493	0	0.2849698	0	1	0	5	0	3	3	3
TCGA-DU-A5TR	2.48767123287671	0	7.426265	1	1	0	3	0	2	1	3
TCGA-FG-8186	1.33424657534247	0	1.619598	1	0	1	3	0	1	2	3
TCGA-CS-6290	3.11506849315069	1	8.507616	0	1	1	1	0	2	2	3
TCGA-KT-A74X	1.2	0	0.9780706	0	1	1	3	0	2	2	2
TCGA-P5-A781	0.367123287671233	0	1.124371	0	0	1	1	0	1	2	3
TCGA-KT-A7W1	1.2	0	7.629427	1	0	1	1	0	2	2	1
TCGA-DU-A6S2	2.12876712328767	0	0.448882	0	0	0	5	0	1	1	2
TCGA-DB-A64O	2.12328767123288	1	21.82324	1	1	0	3	0	1	2	1
TCGA-HT-A615	1.41095890410959	0	1.426683	0	0	0	5	0	1	2	3
TCGA-P5-A5EV	0.0191780821917808	0	3.80279	0	1	0	2	0	3	3	3
TCGA-HT-A74L	0.920547945205479	0	1.127085	0	0	0	3	0	3	3	2
TCGA-DU-6399	5.47945205479452	1	3.031971	1	1	0	5	0	1	2	3
TCGA-TQ-A7RN	2.81095890410959	0	1.117629	0	1	0	5	0	2	2	3
TCGA-DH-A66G	1.43287671232877	0	6.411458	1	0	1	4	0	2	2	2
TCGA-DU-A7TA	7.02739726027397	0	3.950353	0	1	0	5	0	2	2	3
TCGA-DU-7300	5.16712328767123	1	1.185148	1	0	1	4	0	2	1	3
TCGA-QH-A6CX	1.01917808219178	1	12.17749	1	1	0	2	0	1	2	1
TCGA-QH-A6XC	1.39178082191781	0	3.284938	1	1	1	1	0	2	2	1
TCGA-DU-8158	0.424657534246575	1	55.88497	1	0	1	1	0	3	3	3
TCGA-HW-8320	3.33424657534247	0	3.578053	0	1	1	1	0	2	2	3
TCGA-E1-5305	6.66575342465753	1	1.298525	0	1	1	1	0	3	2	3
TCGA-DB-A75M	1.49041095890411	0	2.896954	1	1	0	2	0	2	2	2
TCGA-TQ-A8XE	2.61369863013699	1	4.321782	1	0	0	5	1	1	1	3
TCGA-DH-A669	2.51780821917808	1	0.8237251	1	1	1	4	1	3	3	3
TCGA-F6-A8O4	0.0164383561643836	0	7.851319	1	1	0	2	0	3	3	3
TCGA-DB-5278	7.59452054794521	0	0.9122542	0	1	0	5	0	1	1	3
TCGA-DB-A64R	2.61643835616438	0	0.6948846	0	0	0	5	0	1	1	2
TCGA-E1-5307	4.82739726027397	1	1.949848	1	0	1	1	0	2	2	3
TCGA-FN-7833	2.29315068493151	0	8.859488	0	1	1	3	0	2	2	3
TCGA-DU-7309	0.23013698630137	0	1.750134	0	0	1	4	0	2	2	3
TCGA-HT-7467	0.00821917808219178	0	0.8428179	1	1	0	5	0	3	3	3
TCGA-TQ-A7RM	3.05753424657534	0	4.42894	0	0	1	3	0	2	2	3
TCGA-FG-6692	1.53698630136986	1	3.317626	1	1	1	4	0	2	2	3
TCGA-VM-A8CF	1.66849315068493	0	7.91964	1	0	1	1	0	2	2	2
TCGA-FG-8181	2.36164383561644	0	2.245357	0	1	1	3	0	2	2	3
TCGA-P5-A5F1	0.49041095890411	0	17.85834	0	1	0	2	0	3	3	3
TCGA-S9-A6TV	1.56438356164384	0	3.770352	1	1	1	3	0	2	2	2
TCGA-FG-A87N	1.55342465753425	0	1.823326	0	0	1	1	0	2	2	2
TCGA-HT-7483	14.3972602739726	0	2.615536	0	1	0	3	0	2	2	3
TCGA-VM-A8CA	1.12602739726027	0	2.482836	1	1	0	5	0	3	3	3
TCGA-FG-7641	1.71780821917808	0	0.4667054	0	1	0	5	0	1	1	3
TCGA-FG-7638	1.87945205479452	0	0.8830072	0	0	1	4	0	2	2	3
TCGA-HT-7687	0.00821917808219178	0	1.667332	1	1	1	4	0	3	3	3
TCGA-TM-A84H	2.53698630136986	0	7.390844	1	0	1	3	0	1	2	3
TCGA-DU-7006	0.956164383561644	1	5.48044	1	0	1	1	0	2	2	3
TCGA-HW-8319	3.31232876712329	1	2.188823	0	0	1	1	0	2	2	3
TCGA-DB-A4XG	6.07945205479452	0	1.063768	0	1	1	4	0	2	1	1
TCGA-HT-A617	1.34520547945205	0	10.86223	1	1	0	5	0	3	3	3
TCGA-FG-7643	1.67397260273973	0	10.33954	1	0	0	3	0	1	1	3
TCGA-HT-7481	7.99452054794521	0	0.8879875	0	1	0	5	0	1	1	3
TCGA-QH-A65X	1.32054794520548	0	1.037907	0	0	1	3	0	2	2	1
TCGA-S9-A6WD	6.27123287671233	0	1.58306	1	1	1	4	0	2	1	3
TCGA-S9-A6U5	2.71780821917808	0	0.7741644	0	1	0	2	0	1	1	2
TCGA-HT-A5RC	0.443835616438356	1	9.157394	1	0	1	1	0	3	3	3
TCGA-DB-A4X9	3.86849315068493	0	1.872727	0	0	0	3	0	1	1	2
TCGA-FG-6688	1.56438356164384	0	10.52345	1	0	1	1	0	2	2	3
